0 5 5
1 6 5
2 7 5
3 8 5
4 9 5
5 10 5
6 11 5
7 12 5
8 13 5
9 14 5
10 15 5
11 16 6
12 17 7
13 18 8
14 19 9
15 20 10
16 21 9
17 22 8
18 23 7
19 24 6
20 25 5
21 26 5
22 27 5
23 28 5
24 29 5
25 30 5
26 31 5
27 32 5
28 33 5
29 34 5
30 35 5
31 35 6
32 35 7
33 35 8
34 35 9
35 35 10
36 35 11
37 35 12
38 35 13
39 35 14
40 35 15
41 35 16
42 35 17
43 35 18
44 35 19
45 35 20
46 35 21
47 35 22
48 35 23
49 35 24
50 35 25
51 35 26
52 35 27
53 35 28
54 35 29
55 34 29
56 33 29
57 32 29
58 31 29
59 30 29
60 29 29
61 28 29
62 27 29
63 26 29
64 25 29
65 24 30
66 23 31
67 22 32
68 21 33
69 20 34
70 19 33
71 18 32
72 17 31
73 16 30
74 15 29
75 14 29
76 13 29
77 12 29
78 11 29
79 10 29
80 9 29
81 8 29
82 7 29
83 6 29
84 5 29
85 5 28
86 5 27
87 5 26
88 5 25
89 5 24
90 5 23
91 5 22
92 5 21
93 5 20
94 5 19
95 5 18
96 5 17
97 5 16
98 5 15
99 5 14
100 5 13
101 5 12
102 5 11
103 5 10
104 5 9
105 5 8
106 5 7
107 5 6
------------------------------
0 1 2 1 6 5 0
1 2 3 2 7 5 0
2 3 4 3 8 5 0
3 4 5 4 9 5 0
4 5 6 5 10 5 0
5 6 7 6 11 5 0
6 7 8 7 12 5 0
7 8 9 8 13 5 0
8 9 10 9 14 5 0
9 10 11 10 15 5 1.0001
10 11 12 11 16 6 0
11 12 13 12 17 7 0
12 13 14 13 18 8 0
13 14 15 14 19 9 0
14 15 16 15 20 10 2.0002
15 16 17 16 21 9 0
16 17 18 17 22 8 0
17 18 19 18 23 7 0
18 19 20 19 24 6 0
19 20 21 20 25 5 1.0001
20 21 22 21 26 5 0
21 22 23 22 27 5 0
22 23 24 23 28 5 0
23 24 25 24 29 5 0
24 25 26 25 30 5 0
25 26 27 26 31 5 0
26 27 28 27 32 5 0
27 28 29 28 33 5 0
28 29 30 29 34 5 0
29 30 31 30 35 5 10000
30 31 32 31 35 6 0
31 32 33 32 35 7 0
32 33 34 33 35 8 0
33 34 35 34 35 9 0
34 35 36 35 35 10 0
35 36 37 36 35 11 0
36 37 38 37 35 12 0
37 38 39 38 35 13 0
38 39 40 39 35 14 0
39 40 41 40 35 15 0
40 41 42 41 35 16 0
41 42 43 42 35 17 0
42 43 44 43 35 18 0
43 44 45 44 35 19 0
44 45 46 45 35 20 0
45 46 47 46 35 21 0
46 47 48 47 35 22 0
47 48 49 48 35 23 0
48 49 50 49 35 24 0
49 50 51 50 35 25 0
50 51 52 51 35 26 0
51 52 53 52 35 27 0
52 53 54 53 35 28 0
53 54 55 54 35 29 10000
54 55 56 55 34 29 0
55 56 57 56 33 29 0
56 57 58 57 32 29 0
57 58 59 58 31 29 0
58 59 60 59 30 29 0
59 60 61 60 29 29 0
60 61 62 61 28 29 0
61 62 63 62 27 29 0
62 63 64 63 26 29 0
63 64 65 64 25 29 0.9999
64 65 66 65 24 30 0
65 66 67 66 23 31 0
66 67 68 67 22 32 0
67 68 69 68 21 33 0
68 69 70 69 20 34 1.9998
69 70 71 70 19 33 0
70 71 72 71 18 32 0
71 72 73 72 17 31 0
72 73 74 73 16 30 0
73 74 75 74 15 29 0.9999
74 75 76 75 14 29 0
75 76 77 76 13 29 0
76 77 78 77 12 29 0
77 78 79 78 11 29 0
78 79 80 79 10 29 0
79 80 81 80 9 29 0
80 81 82 81 8 29 0
81 82 83 82 7 29 0
82 83 84 83 6 29 0
83 84 85 84 5 29 10000
84 85 86 85 5 28 0
85 86 87 86 5 27 0
86 87 88 87 5 26 0
87 88 89 88 5 25 0
88 89 90 89 5 24 0
89 90 91 90 5 23 0
90 91 92 91 5 22 0
91 92 93 92 5 21 0
92 93 94 93 5 20 0
93 94 95 94 5 19 0
94 95 96 95 5 18 0
95 96 97 96 5 17 0
96 97 98 97 5 16 0
97 98 99 98 5 15 0
98 99 100 99 5 14 0
99 100 101 100 5 13 0
100 101 102 101 5 12 0
101 102 103 102 5 11 0
102 103 104 103 5 10 0
103 104 105 104 5 9 0
104 105 106 105 5 8 0
105 106 107 106 5 7 0
106 107 0 107 5 6 0
------------------------------
5 5 2.31584e+77
6 5 0
7 5 0
8 5 0
9 5 0
10 5 0
11 5 0
12 5 0
13 5 0
14 5 0
15 5 1.0001
16 6 0
17 7 0
18 8 0
19 9 0
20 10 2.0002
21 9 0
22 8 0
23 7 0
24 6 0
25 5 1.0001
26 5 0
27 5 0
28 5 0
29 5 0
30 5 0
31 5 0
32 5 0
33 5 0
34 5 0
35 5 10000
35 6 0
35 7 0
35 8 0
35 9 0
35 10 0
35 11 0
35 12 0
35 13 0
35 14 0
35 15 0
35 16 0
35 17 0
35 18 0
35 19 0
35 20 0
35 21 0
35 22 0
35 23 0
35 24 0
35 25 0
35 26 0
35 27 0
35 28 0
35 29 10000
34 29 0
33 29 0
32 29 0
31 29 0
30 29 0
29 29 0
28 29 0
27 29 0
26 29 0
25 29 0.9999
24 30 0
23 31 0
22 32 0
21 33 0
20 34 1.9998
19 33 0
18 32 0
17 31 0
16 30 0
15 29 0.9999
14 29 0
13 29 0
12 29 0
11 29 0
10 29 0
9 29 0
8 29 0
7 29 0
6 29 0
5 29 10000
5 28 0
5 27 0
5 26 0
5 25 0
5 24 0
5 23 0
5 22 0
5 21 0
5 20 0
5 19 0
5 18 0
5 17 0
5 16 0
5 15 0
5 14 0
5 13 0
5 12 0
5 11 0
5 10 0
5 9 0
5 8 0
5 7 0
5 6 0
------------------------------
