                                        
                                        
                                        
                                        
                                        
     8111111111111111111111118          
     1                       1          
     1                       1          
     1                       1          
     1                       1          
     1                       1          
     1                       1          
     1                       1          
     1                       1          
     1                       1          
     8                       8          
      1                       1         
       1                       1        
        1                       1       
         1                       1      
          8                       8     
         1                       1      
        1                       1       
       1                       1        
      1                       1         
     8                       8          
     1                       1          
     1                       1          
     1                       1          
     1                       1          
     1                       1          
     1                       1          
     1                       1          
     1                       1          
     1                       1          
     8111111111111111111111118          
                                        
                                        
                                        
                                        
